[gd_scene load_steps=49 format=3 uid="uid://bqem1raji7acu"]

[ext_resource type="Script" path="res://scenes/3D/joanna_scene.gd" id="1_uljkf"]
[ext_resource type="ArrayMesh" uid="uid://dq6xkt35jrc7e" path="res://assets/3D_Models/HouseAndOutline.obj" id="2_pfs4u"]
[ext_resource type="Material" path="res://addons/hypercasualGradientShader/shaders/Hand_Shader.tres" id="2_q4ov3"]
[ext_resource type="Shader" path="res://addons/hypercasualGradientShader/shaders/hypercasual.gdshader" id="2_yj7ie"]
[ext_resource type="ArrayMesh" uid="uid://c8ro5gjifvsgo" path="res://assets/3D_Models/Plate.obj" id="3_epvii"]
[ext_resource type="Texture2D" uid="uid://dipgtpgp7omrb" path="res://assets/3D_Models/Textures/lambert8SG_2D_View.png" id="4_eksr0"]
[ext_resource type="ArrayMesh" uid="uid://dg5ku48fnxypj" path="res://assets/3D_Models/Tpot.obj" id="4_gikm4"]
[ext_resource type="Texture2D" uid="uid://4yyy6gj5xclu" path="res://assets/3D_Models/Textures/lambert4SG_2D_View.png" id="5_c8dks"]
[ext_resource type="Texture2D" uid="uid://dws2tx8gosuui" path="res://assets/3D_Models/Textures/lambert6SG_2D_View.png" id="6_wpjel"]
[ext_resource type="Texture2D" uid="uid://cngovu8hw433k" path="res://assets/3D_Models/Textures/lambert7SG_2D_View.png" id="7_5jm67"]
[ext_resource type="ArrayMesh" uid="uid://tp7hwo3ucwh2" path="res://assets/3D_Models/Pillow_and_outline.obj" id="7_rcxdx"]
[ext_resource type="ArrayMesh" uid="uid://eipfsxayc056" path="res://assets/3D_Models/Cup.obj" id="8_71en0"]
[ext_resource type="ArrayMesh" uid="uid://cf5vr1hwjmryi" path="res://assets/3D_Models/Table_and_outline.obj" id="8_qyf61"]
[ext_resource type="Material" path="res://addons/hypercasualGradientShader/shaders/Outliner_shader.tres" id="11_bpi8f"]
[ext_resource type="Material" uid="uid://b8bj0jxwpkumd" path="res://addons/hypercasualGradientShader/shaders/TeaPot_shader.tres" id="12_ey283"]
[ext_resource type="ArrayMesh" uid="uid://b44otcbdpx01y" path="res://assets/3D_Models/Hand_Pose/Hand_Paper.obj" id="15_3qpcl"]
[ext_resource type="ArrayMesh" uid="uid://d2yf5mnqcgyct" path="res://assets/3D_Models/Hand_Pose/Hand_Air.obj" id="16_41oka"]
[ext_resource type="Script" path="res://scenes/3D/hand_holder.gd" id="16_j65al"]
[ext_resource type="PackedScene" uid="uid://bx7v0e6ufxgl6" path="res://scenes/3D/hand_idle.tscn" id="16_ti52s"]
[ext_resource type="Script" path="res://scenes/3D/hand_idle.gd" id="16_yckgm"]
[ext_resource type="ArrayMesh" uid="uid://x82jjflygdfb" path="res://assets/3D_Models/Hand_Pose/Hand_Rock.obj" id="17_wx7nt"]
[ext_resource type="ArrayMesh" uid="uid://la8eaeeyxjfv" path="res://assets/3D_Models/Hand_Pose/Hand_Alien.obj" id="18_70i0y"]
[ext_resource type="ArrayMesh" uid="uid://cgy5slhlx3egg" path="res://assets/3D_Models/Hand_Pose/Hand_Cisors.obj" id="18_bkwwc"]
[ext_resource type="ArrayMesh" uid="uid://des0niyj7vq1" path="res://assets/3D_Models/Hand_Pose/Hand_Bowl.obj" id="19_2uk64"]
[ext_resource type="ArrayMesh" uid="uid://dyg7jj4sgme5l" path="res://assets/3D_Models/Hand_Pose/Hand_Gun.obj" id="20_c34jk"]
[ext_resource type="ArrayMesh" uid="uid://c5e6bx6gwbgc1" path="res://assets/3D_Models/Hand_Pose/Hand_Cockroach.obj" id="21_ab28c"]
[ext_resource type="ArrayMesh" uid="uid://drawgv11nu8sx" path="res://assets/3D_Models/Hand_Pose/Hand_Dynamite.obj" id="21_q43g3"]
[ext_resource type="ArrayMesh" uid="uid://dgbn2drekr1fd" path="res://assets/3D_Models/Hand_Pose/Hand_Devil.obj" id="22_cs38i"]
[ext_resource type="ArrayMesh" uid="uid://ocekbaj65str" path="res://assets/3D_Models/Hand_Pose/Hand_Lightning.obj" id="22_iruu0"]
[ext_resource type="ArrayMesh" uid="uid://yw8tnhwksvue" path="res://assets/3D_Models/Hand_Pose/Hand_Nuke.obj" id="23_15urr"]
[ext_resource type="ArrayMesh" uid="uid://5bwl1uk2t8c8" path="res://assets/3D_Models/Hand_Pose/Hand_Dragon.obj" id="23_36k0o"]
[ext_resource type="ArrayMesh" uid="uid://cdy1i11xj6eaw" path="res://assets/3D_Models/Hand_Pose/Hand_Moon.obj" id="27_rf7hy"]
[ext_resource type="ArrayMesh" uid="uid://c0tc6dcopyfti" path="res://assets/3D_Models/Hand_Pose/Hand_Sponge.obj" id="31_5tbxe"]
[ext_resource type="ArrayMesh" uid="uid://b4ggunn06kxd7" path="res://assets/3D_Models/Hand_Pose/Hand_Water.obj" id="32_cnufe"]
[ext_resource type="ArrayMesh" uid="uid://dbq6hym7vmwfh" path="res://assets/3D_Models/Hand_Pose/Hand_Wolf.obj" id="33_kxkhg"]

[sub_resource type="ShaderMaterial" id="ShaderMaterial_tknfi"]
render_priority = 0
shader = ExtResource("2_yj7ie")
shader_parameter/useWorldSpace = false
shader_parameter/gradientOffset = 0.0
shader_parameter/gradientSize = 1.0
shader_parameter/blendSmoothness = 0.5
shader_parameter/colorTop = Color(1, 1, 1, 1)
shader_parameter/colorBottom = Color(0.1368, 0.15912, 0.18, 1)
shader_parameter/colorFrontTop = Color(0.8, 0.8, 0.8, 1)
shader_parameter/colorFrontBottom = Color(0.6, 0.6, 0.6, 1)
shader_parameter/colorBackTop = Color(0.8, 0.8, 0.8, 1)
shader_parameter/colorBackBottom = Color(0.6, 0.6, 0.6, 1)
shader_parameter/colorLeftTop = Color(0.6, 0.6, 0.6, 1)
shader_parameter/colorLeftBottom = Color(0.4, 0.4, 0.4, 1)
shader_parameter/colorRightTop = Color(0.6, 0.6, 0.6, 1)
shader_parameter/colorRightBottom = Color(0.4, 0.4, 0.4, 1)
shader_parameter/useTexture = true
shader_parameter/textureSource = ExtResource("4_eksr0")
shader_parameter/deband = true
shader_parameter/debandDepth = 256.0

[sub_resource type="ShaderMaterial" id="ShaderMaterial_5epoq"]
render_priority = 0
shader = ExtResource("2_yj7ie")
shader_parameter/useWorldSpace = false
shader_parameter/gradientOffset = 0.0
shader_parameter/gradientSize = 1.0
shader_parameter/blendSmoothness = 0.5
shader_parameter/colorTop = Color(1, 1, 1, 1)
shader_parameter/colorBottom = Color(0.2, 0.2, 0.2, 1)
shader_parameter/colorFrontTop = Color(0.8, 0.8, 0.8, 1)
shader_parameter/colorFrontBottom = Color(0.6, 0.6, 0.6, 1)
shader_parameter/colorBackTop = Color(0.8, 0.8, 0.8, 1)
shader_parameter/colorBackBottom = Color(0.6, 0.6, 0.6, 1)
shader_parameter/colorLeftTop = Color(0.6, 0.6, 0.6, 1)
shader_parameter/colorLeftBottom = Color(0.4, 0.4, 0.4, 1)
shader_parameter/colorRightTop = Color(0.6, 0.6, 0.6, 1)
shader_parameter/colorRightBottom = Color(0.4, 0.4, 0.4, 1)
shader_parameter/useTexture = true
shader_parameter/textureSource = ExtResource("5_c8dks")
shader_parameter/deband = true
shader_parameter/debandDepth = 256.0

[sub_resource type="ShaderMaterial" id="ShaderMaterial_5s0pn"]
render_priority = 0
shader = ExtResource("2_yj7ie")
shader_parameter/useWorldSpace = false
shader_parameter/gradientOffset = 0.0
shader_parameter/gradientSize = 1.0
shader_parameter/blendSmoothness = 0.5
shader_parameter/colorTop = Color(0.666, 0.7178, 0.74, 1)
shader_parameter/colorBottom = Color(0.0885239, 0.395069, 0.619508, 1)
shader_parameter/colorFrontTop = Color(0.6734, 0.68561, 0.74, 1)
shader_parameter/colorFrontBottom = Color(0.0885239, 0.395069, 0.619508, 1)
shader_parameter/colorBackTop = Color(0.67451, 0.686275, 0.741176, 1)
shader_parameter/colorBackBottom = Color(0.0885239, 0.395069, 0.619508, 1)
shader_parameter/colorLeftTop = Color(0.67451, 0.686275, 0.741176, 1)
shader_parameter/colorLeftBottom = Color(0.0885239, 0.395069, 0.619508, 1)
shader_parameter/colorRightTop = Color(0.67451, 0.686275, 0.741176, 1)
shader_parameter/colorRightBottom = Color(0.0885239, 0.395069, 0.619508, 1)
shader_parameter/useTexture = true
shader_parameter/textureSource = ExtResource("6_wpjel")
shader_parameter/deband = true
shader_parameter/debandDepth = 256.0

[sub_resource type="ShaderMaterial" id="ShaderMaterial_plh27"]
render_priority = 0
shader = ExtResource("2_yj7ie")
shader_parameter/useWorldSpace = false
shader_parameter/gradientOffset = 0.0
shader_parameter/gradientSize = 1.0
shader_parameter/blendSmoothness = 0.5
shader_parameter/colorTop = Color(1, 1, 1, 1)
shader_parameter/colorBottom = Color(0.2, 0.2, 0.2, 1)
shader_parameter/colorFrontTop = Color(0.8, 0.8, 0.8, 1)
shader_parameter/colorFrontBottom = Color(0.6, 0.6, 0.6, 1)
shader_parameter/colorBackTop = Color(0.8, 0.8, 0.8, 1)
shader_parameter/colorBackBottom = Color(0.6, 0.6, 0.6, 1)
shader_parameter/colorLeftTop = Color(0.6, 0.6, 0.6, 1)
shader_parameter/colorLeftBottom = Color(0.4, 0.4, 0.4, 1)
shader_parameter/colorRightTop = Color(0.6, 0.6, 0.6, 1)
shader_parameter/colorRightBottom = Color(0.4, 0.4, 0.4, 1)
shader_parameter/useTexture = true
shader_parameter/textureSource = ExtResource("7_5jm67")
shader_parameter/deband = true
shader_parameter/debandDepth = 256.0

[sub_resource type="StandardMaterial3D" id="StandardMaterial3D_popx1"]
albedo_color = Color(0, 0.0649999, 0.78, 1)

[sub_resource type="ShaderMaterial" id="ShaderMaterial_gl3sw"]
render_priority = 0
shader = ExtResource("2_yj7ie")
shader_parameter/useWorldSpace = false
shader_parameter/gradientOffset = 0.0
shader_parameter/gradientSize = 1.0
shader_parameter/blendSmoothness = 0.5
shader_parameter/colorTop = Color(0.528, 0.821333, 0.88, 1)
shader_parameter/colorBottom = Color(0.121569, 0.176471, 0.611765, 1)
shader_parameter/colorFrontTop = Color(0, 0.733333, 0.882353, 1)
shader_parameter/colorFrontBottom = Color(0.113725, 0.133333, 0.160784, 1)
shader_parameter/colorBackTop = Color(0.8, 0.8, 0.8, 1)
shader_parameter/colorBackBottom = Color(0.6, 0.6, 0.6, 1)
shader_parameter/colorLeftTop = Color(0.690196, 0.94902, 0.941176, 1)
shader_parameter/colorLeftBottom = Color(0.533333, 0.152941, 0.321569, 1)
shader_parameter/colorRightTop = Color(0.690196, 0.94902, 0.941176, 1)
shader_parameter/colorRightBottom = Color(0.533333, 0.152941, 0.321569, 1)
shader_parameter/useTexture = false
shader_parameter/deband = true
shader_parameter/debandDepth = 256.0

[sub_resource type="StandardMaterial3D" id="StandardMaterial3D_533m8"]
albedo_color = Color(0, 0.0649999, 0.78, 1)

[sub_resource type="ShaderMaterial" id="ShaderMaterial_75g5s"]
render_priority = 0
shader = ExtResource("2_yj7ie")
shader_parameter/useWorldSpace = false
shader_parameter/gradientOffset = 0.0
shader_parameter/gradientSize = 1.0
shader_parameter/blendSmoothness = 0.5
shader_parameter/colorTop = Color(0, 0.733333, 0.882353, 1)
shader_parameter/colorBottom = Color(0.121569, 0.176471, 0.611765, 1)
shader_parameter/colorFrontTop = Color(0, 0.733333, 0.882353, 1)
shader_parameter/colorFrontBottom = Color(0.121569, 0.176471, 0.611765, 1)
shader_parameter/colorBackTop = Color(0, 0.733333, 0.882353, 1)
shader_parameter/colorBackBottom = Color(0.113725, 0.133333, 0.160784, 1)
shader_parameter/colorLeftTop = Color(0.690196, 0.94902, 0.941176, 1)
shader_parameter/colorLeftBottom = Color(0.533333, 0.152941, 0.321569, 1)
shader_parameter/colorRightTop = Color(0.690196, 0.94902, 0.941176, 1)
shader_parameter/colorRightBottom = Color(0.533333, 0.152941, 0.321569, 1)
shader_parameter/useTexture = false
shader_parameter/deband = true
shader_parameter/debandDepth = 256.0

[sub_resource type="StandardMaterial3D" id="StandardMaterial3D_mjkyo"]
albedo_color = Color(0, 0.0649999, 0.78, 1)

[sub_resource type="StandardMaterial3D" id="StandardMaterial3D_wt5nq"]
albedo_color = Color(0, 0.0649999, 0.78, 1)

[sub_resource type="ShaderMaterial" id="ShaderMaterial_1rr7y"]
render_priority = 0
shader = ExtResource("2_yj7ie")
shader_parameter/useWorldSpace = false
shader_parameter/gradientOffset = 1.0
shader_parameter/gradientSize = 1.0
shader_parameter/blendSmoothness = 0.5
shader_parameter/colorTop = Color(0.64, 0.3136, 0.40608, 1)
shader_parameter/colorBottom = Color(0.28, 0.0756, 0.0756, 1)
shader_parameter/colorFrontTop = Color(0.41, 0.1025, 0.107625, 1)
shader_parameter/colorFrontBottom = Color(0.3, 0, 0, 1)
shader_parameter/colorBackTop = Color(0.411765, 0.101961, 0.105882, 1)
shader_parameter/colorBackBottom = Color(0.113725, 0.133333, 0.160784, 1)
shader_parameter/colorLeftTop = Color(0.411765, 0.101961, 0.105882, 1)
shader_parameter/colorLeftBottom = Color(0.298039, 0, 0, 1)
shader_parameter/colorRightTop = Color(0.411765, 0.101961, 0.105882, 1)
shader_parameter/colorRightBottom = Color(0.298039, 0, 0, 1)
shader_parameter/useTexture = false
shader_parameter/deband = true
shader_parameter/debandDepth = 256.0

[sub_resource type="ShaderMaterial" id="ShaderMaterial_b12hm"]
render_priority = 0
shader = ExtResource("2_yj7ie")
shader_parameter/useWorldSpace = false
shader_parameter/gradientOffset = 0.0
shader_parameter/gradientSize = 1.0
shader_parameter/blendSmoothness = 0.5
shader_parameter/colorTop = Color(0.315, 0.35325, 0.45, 1)
shader_parameter/colorBottom = Color(0, 0.0649999, 0.78, 1)
shader_parameter/colorFrontTop = Color(0.2166, 0.260173, 0.38, 1)
shader_parameter/colorFrontBottom = Color(0.6, 0.6, 0.6, 1)
shader_parameter/colorBackTop = Color(0.26, 0.290333, 0.4, 1)
shader_parameter/colorBackBottom = Color(0.6, 0.6, 0.6, 1)
shader_parameter/colorLeftTop = Color(0.4599, 0.59598, 0.63, 1)
shader_parameter/colorLeftBottom = Color(0, 0.361667, 0.62, 1)
shader_parameter/colorRightTop = Color(0, 0.0649999, 0.78, 1)
shader_parameter/colorRightBottom = Color(0.0885239, 0.395069, 0.619508, 1)
shader_parameter/useTexture = false
shader_parameter/deband = true
shader_parameter/debandDepth = 256.0

[sub_resource type="StandardMaterial3D" id="StandardMaterial3D_y70u5"]
albedo_color = Color(0, 0.0649999, 0.78, 1)

[node name="JoannaScene" type="Node3D"]
script = ExtResource("1_uljkf")

[node name="HouseAndOutline" type="MeshInstance3D" parent="."]
mesh = ExtResource("2_pfs4u")
surface_material_override/0 = SubResource("ShaderMaterial_tknfi")
surface_material_override/1 = SubResource("ShaderMaterial_5epoq")
surface_material_override/2 = SubResource("ShaderMaterial_5s0pn")
surface_material_override/3 = SubResource("ShaderMaterial_plh27")
surface_material_override/4 = SubResource("StandardMaterial3D_popx1")

[node name="Plate" type="MeshInstance3D" parent="."]
transform = Transform3D(0.977309, 0, 0.211819, 0, 1, 0, -0.211819, 0, 0.977309, 23.1572, 44.285, 50.4827)
mesh = ExtResource("3_epvii")
surface_material_override/0 = SubResource("ShaderMaterial_gl3sw")
surface_material_override/1 = SubResource("StandardMaterial3D_533m8")

[node name="Tpot" type="MeshInstance3D" parent="."]
transform = Transform3D(0.977309, 0, 0.211819, 0, 1, 0, -0.211819, 0, 0.977309, 22.2581, 49.6608, 50.7644)
mesh = ExtResource("4_gikm4")
surface_material_override/0 = ExtResource("11_bpi8f")
surface_material_override/1 = ExtResource("12_ey283")

[node name="Cup" type="MeshInstance3D" parent="."]
transform = Transform3D(1, 0, 0, 0, 1, 0, 0, 0, 1, 33.8394, 46.7321, 75.8833)
mesh = ExtResource("8_71en0")
surface_material_override/0 = SubResource("ShaderMaterial_75g5s")
surface_material_override/1 = SubResource("StandardMaterial3D_mjkyo")

[node name="PillowAndOutline" type="MeshInstance3D" parent="."]
transform = Transform3D(0.823617, 0.0669611, 0.56318, -0.081034, 0.996711, 0, -0.561328, -0.0456367, 0.826334, -25.6197, -3.21314, 126.389)
mesh = ExtResource("7_rcxdx")
surface_material_override/0 = SubResource("StandardMaterial3D_wt5nq")
surface_material_override/1 = SubResource("ShaderMaterial_1rr7y")

[node name="TableAndOutline" type="MeshInstance3D" parent="."]
transform = Transform3D(0.824304, 0, 0.566147, 0, 1, 0, -0.566147, 0, 0.824304, 46.9761, -13.3907, 84.5547)
mesh = ExtResource("8_qyf61")
surface_material_override/0 = SubResource("ShaderMaterial_b12hm")
surface_material_override/1 = SubResource("StandardMaterial3D_y70u5")

[node name="Hand_Idle_outline" parent="." instance=ExtResource("16_ti52s")]
transform = Transform3D(88.8801, 0, -14.1536, 0, 90, 0, 14.1536, 0, 88.8801, 10.1556, 71.7925, 121.594)
script = ExtResource("16_yckgm")

[node name="Hand_Idle_outline2" parent="." instance=ExtResource("16_ti52s")]
transform = Transform3D(-59.432, 0, 67.5858, 0, 90, 0, -67.5858, 0, -59.432, 107.245, 71.7925, 64.2922)
script = ExtResource("16_yckgm")

[node name="P1HandHolder" type="Node3D" parent="."]
script = ExtResource("16_j65al")

[node name="HandAir" type="MeshInstance3D" parent="P1HandHolder"]
transform = Transform3D(0.73154, 0.681534, 0.0190015, -0.423364, 0.432229, 0.796204, 0.534427, -0.5905, 0.60473, 9.0602, 81.2803, 123.173)
mesh = ExtResource("16_41oka")
skeleton = NodePath("../..")
surface_material_override/0 = ExtResource("11_bpi8f")
surface_material_override/1 = ExtResource("2_q4ov3")

[node name="HandAlien" type="MeshInstance3D" parent="P1HandHolder"]
transform = Transform3D(-0.0760655, 0.377912, -0.922712, 0.833841, 0.531528, 0.148957, 0.546739, -0.758064, -0.355549, 12.9754, 81.0093, 126.689)
mesh = ExtResource("18_70i0y")
skeleton = NodePath("../..")
surface_material_override/0 = ExtResource("11_bpi8f")
surface_material_override/1 = ExtResource("2_q4ov3")

[node name="HandBowl" type="MeshInstance3D" parent="P1HandHolder"]
transform = Transform3D(-0.0325793, 0.329284, -0.943669, 0.418345, 0.861974, 0.286335, 0.907704, -0.385451, -0.165837, 13.2219, 73.2168, 119.113)
mesh = ExtResource("19_2uk64")
skeleton = NodePath("../..")
surface_material_override/0 = ExtResource("11_bpi8f")
surface_material_override/1 = ExtResource("2_q4ov3")

[node name="HandScissors" type="MeshInstance3D" parent="P1HandHolder"]
transform = Transform3D(-0.411276, 0.776172, -0.477921, 0.908825, 0.308953, -0.280332, -0.0699309, -0.54964, -0.832469, 9.21078, 80.7151, 123.595)
mesh = ExtResource("18_bkwwc")
skeleton = NodePath("../..")
surface_material_override/0 = ExtResource("2_q4ov3")
surface_material_override/1 = ExtResource("11_bpi8f")

[node name="HandCockroach" type="MeshInstance3D" parent="P1HandHolder"]
transform = Transform3D(0.850702, 0.3559, -0.386835, 0.405632, 0.0235786, 0.913732, 0.334318, -0.934227, -0.124306, 10.2367, 84.3653, 124.681)
mesh = ExtResource("21_ab28c")
skeleton = NodePath("../..")
surface_material_override/0 = ExtResource("11_bpi8f")
surface_material_override/1 = ExtResource("2_q4ov3")

[node name="HandDevil" type="MeshInstance3D" parent="P1HandHolder"]
transform = Transform3D(-0.00956112, 0.231192, -0.972861, 0.464608, 0.86254, 0.200409, 0.885465, -0.450083, -0.11566, 8.24656, 77.6475, 120.846)
mesh = ExtResource("22_cs38i")
skeleton = NodePath("../..")
surface_material_override/0 = ExtResource("2_q4ov3")
surface_material_override/1 = ExtResource("11_bpi8f")

[node name="HandDragon" type="MeshInstance3D" parent="P1HandHolder"]
transform = Transform3D(0.480591, 0.636234, -0.603523, 0.284313, 0.537994, 0.793554, 0.829578, -0.552964, 0.0776653, 10.39, 82.2554, 118.052)
mesh = ExtResource("23_36k0o")
skeleton = NodePath("../..")
surface_material_override/0 = ExtResource("11_bpi8f")
surface_material_override/1 = ExtResource("2_q4ov3")

[node name="HandDynamite" type="MeshInstance3D" parent="P1HandHolder"]
transform = Transform3D(-0.119566, 0.470636, -0.874189, 0.975526, 0.219348, -0.0153361, 0.184534, -0.854628, -0.485344, 4.1846, 87.133, 120.007)
mesh = ExtResource("21_q43g3")
skeleton = NodePath("../..")
surface_material_override/0 = ExtResource("2_q4ov3")
surface_material_override/1 = ExtResource("11_bpi8f")

[node name="HandGun" type="MeshInstance3D" parent="P1HandHolder"]
transform = Transform3D(0.0656898, 0.709256, -0.701884, 0.992725, -0.117584, -0.0259096, -0.100907, -0.695076, -0.71182, 12.4231, 91.3997, 120.076)
mesh = ExtResource("20_c34jk")
skeleton = NodePath("../..")
surface_material_override/0 = ExtResource("11_bpi8f")
surface_material_override/1 = ExtResource("2_q4ov3")

[node name="HandLightning" type="MeshInstance3D" parent="P1HandHolder"]
transform = Transform3D(-0.2166, 0.457861, -0.862234, 0.772778, 0.620117, 0.135165, 0.596573, -0.637039, -0.488142, 8.17485, 78.9913, 119.87)
mesh = ExtResource("22_iruu0")
skeleton = NodePath("../..")
surface_material_override/0 = ExtResource("11_bpi8f")
surface_material_override/1 = ExtResource("2_q4ov3")

[node name="HandMoon" type="MeshInstance3D" parent="P1HandHolder"]
transform = Transform3D(0.970961, 0.189992, -0.145385, -0.154178, 0.961619, 0.226977, 0.182929, -0.197971, 0.962987, 13.2219, 73.2168, 119.113)
mesh = ExtResource("27_rf7hy")
skeleton = NodePath("../..")
surface_material_override/0 = ExtResource("2_q4ov3")
surface_material_override/1 = ExtResource("11_bpi8f")

[node name="HandNuke" type="MeshInstance3D" parent="P1HandHolder"]
transform = Transform3D(-0.973173, 0.0786553, -0.216212, 0.216887, 0.627216, -0.748038, 0.0767744, -0.774863, -0.627449, 13.2219, 73.2168, 119.113)
mesh = ExtResource("23_15urr")
skeleton = NodePath("../..")
surface_material_override/0 = ExtResource("2_q4ov3")
surface_material_override/1 = ExtResource("11_bpi8f")

[node name="HandPaper" type="MeshInstance3D" parent="P1HandHolder"]
transform = Transform3D(0.500163, 0.494665, 0.710735, -0.597813, -0.396542, 0.696687, 0.626463, -0.773344, 0.0973814, 7.57964, 89.4147, 124.371)
mesh = ExtResource("15_3qpcl")
skeleton = NodePath("../..")
surface_material_override/0 = ExtResource("2_q4ov3")
surface_material_override/1 = ExtResource("11_bpi8f")

[node name="HandRock" type="MeshInstance3D" parent="P1HandHolder"]
transform = Transform3D(0.133088, 0.565868, -0.813684, 0.916367, 0.242505, 0.318531, 0.377569, -0.788026, -0.486268, 16.0724, 86.9119, 124.384)
mesh = ExtResource("17_wx7nt")
skeleton = NodePath("../..")
surface_material_override/0 = ExtResource("2_q4ov3")
surface_material_override/1 = ExtResource("11_bpi8f")

[node name="HandSponge" type="MeshInstance3D" parent="P1HandHolder"]
transform = Transform3D(-0.853332, 0.503784, -0.134259, 0.501489, 0.722685, -0.475642, -0.142594, -0.47321, -0.869333, 13.2219, 73.2168, 119.113)
mesh = ExtResource("31_5tbxe")
skeleton = NodePath("../..")
surface_material_override/0 = ExtResource("2_q4ov3")
surface_material_override/1 = ExtResource("11_bpi8f")

[node name="HandWater" type="MeshInstance3D" parent="P1HandHolder"]
transform = Transform3D(0.218956, 0.935869, 0.276058, -0.108958, -0.257702, 0.960061, 0.969632, -0.24029, 0.0455447, 6.28868, 98.3121, 118.956)
mesh = ExtResource("32_cnufe")
skeleton = NodePath("../..")
surface_material_override/0 = ExtResource("2_q4ov3")
surface_material_override/1 = ExtResource("11_bpi8f")

[node name="HandWolf" type="MeshInstance3D" parent="P1HandHolder"]
transform = Transform3D(0.912628, 0.40355, 0.0652523, -0.279682, 0.49997, 0.819639, 0.298141, -0.766275, 0.569152, 13.7226, 79.506, 123.48)
mesh = ExtResource("33_kxkhg")
skeleton = NodePath("../..")
surface_material_override/0 = ExtResource("2_q4ov3")
surface_material_override/1 = ExtResource("11_bpi8f")

[node name="P2HandHolder" type="Node3D" parent="."]
transform = Transform3D(0.348715, -0.716338, 0.604366, -0.493548, 0.407834, 0.768167, 0.796749, 0.566155, 0.211329, 93.0238, 81.8311, 63.9892)
script = ExtResource("16_j65al")
name_convention_hand = "Hand%s_AI"

[node name="HandAir_AI" type="MeshInstance3D" parent="P2HandHolder"]
transform = Transform3D(1, 2.98023e-08, -2.98023e-08, 8.9407e-08, 1, 2.98023e-08, -2.98023e-08, 0, 1, 0, 0, 0)
mesh = ExtResource("16_41oka")
skeleton = NodePath("../..")
surface_material_override/0 = ExtResource("11_bpi8f")
surface_material_override/1 = ExtResource("2_q4ov3")

[node name="HandAlien_AI" type="MeshInstance3D" parent="P2HandHolder"]
transform = Transform3D(-0.116471, -0.353702, -0.928078, -0.0142801, 0.934938, -0.354524, 0.993092, -0.0280388, -0.113944, 4.85761, 0.475323, 1.98456)
mesh = ExtResource("18_70i0y")
skeleton = NodePath("../..")
surface_material_override/0 = ExtResource("11_bpi8f")
surface_material_override/1 = ExtResource("2_q4ov3")

[node name="HandBowl_AI" type="MeshInstance3D" parent="P2HandHolder"]
transform = Transform3D(0.284155, -0.33004, -0.900183, -0.377381, 0.824597, -0.421453, 0.881385, 0.45947, 0.109763, 4.28827, 1.74866, -8.79648)
mesh = ExtResource("19_2uk64")
skeleton = NodePath("../..")
surface_material_override/0 = ExtResource("11_bpi8f")
surface_material_override/1 = ExtResource("2_q4ov3")

[node name="HandScissors_AI" type="MeshInstance3D" parent="P2HandHolder"]
transform = Transform3D(-0.723002, 0.143259, -0.67583, 0.153816, 0.987089, 0.0446858, 0.673505, -0.0716456, -0.735702, 0.574993, -0.390888, -0.19194)
mesh = ExtResource("18_bkwwc")
skeleton = NodePath("../..")
surface_material_override/0 = ExtResource("2_q4ov3")
surface_material_override/1 = ExtResource("11_bpi8f")

[node name="HandCockroach_AI" type="MeshInstance3D" parent="P2HandHolder"]
transform = Transform3D(0.629261, -0.248903, -0.736259, 0.557693, 0.804409, 0.204703, 0.541302, -0.539419, 0.644995, 0.360073, 1.24517, 3.39024)
mesh = ExtResource("21_ab28c")
skeleton = NodePath("../..")
surface_material_override/0 = ExtResource("11_bpi8f")
surface_material_override/1 = ExtResource("2_q4ov3")

[node name="HandDevil_AI" type="MeshInstance3D" parent="P2HandHolder"]
transform = Transform3D(0.269523, -0.436579, -0.858345, -0.328566, 0.796154, -0.508117, 0.905208, 0.418972, 0.0711374, -0.301022, -0.750423, -4.31531)
mesh = ExtResource("22_cs38i")
skeleton = NodePath("../..")
surface_material_override/0 = ExtResource("2_q4ov3")
surface_material_override/1 = ExtResource("11_bpi8f")

[node name="HandDragon_AI" type="MeshInstance3D" parent="P2HandHolder"]
transform = Transform3D(0.674552, -0.0578558, -0.735957, -0.0394384, 0.992676, -0.114185, 0.737173, 0.106049, 0.66733, -2.17691, 4.3518, -2.29526)
mesh = ExtResource("23_36k0o")
skeleton = NodePath("../..")
surface_material_override/0 = ExtResource("11_bpi8f")
surface_material_override/1 = ExtResource("2_q4ov3")

[node name="HandDynamite_AI" type="MeshInstance3D" parent="P2HandHolder"]
transform = Transform3D(-0.40185, -0.205311, -0.892392, 0.231195, 0.92022, -0.315822, 0.886039, -0.33323, -0.322324, -7.73683, 1.0767, 2.6524)
mesh = ExtResource("21_q43g3")
skeleton = NodePath("../..")
surface_material_override/0 = ExtResource("2_q4ov3")
surface_material_override/1 = ExtResource("11_bpi8f")

[node name="HandGun_AI" type="MeshInstance3D" parent="P2HandHolder"]
transform = Transform3D(-0.426157, 0.197163, -0.882903, 0.53344, 0.843, -0.069227, 0.730638, -0.500477, -0.464425, -3.47969, 8.49517, 6.2477)
mesh = ExtResource("20_c34jk")
skeleton = NodePath("../..")
surface_material_override/0 = ExtResource("11_bpi8f")
surface_material_override/1 = ExtResource("2_q4ov3")

[node name="HandLightning_AI" type="MeshInstance3D" parent="P2HandHolder"]
transform = Transform3D(-0.166794, -0.268042, -0.948859, -0.165879, 0.956252, -0.240971, 0.971938, 0.117203, -0.203959, -1.44406, 0.357944, -3.83707)
mesh = ExtResource("22_iruu0")
skeleton = NodePath("../..")
surface_material_override/0 = ExtResource("11_bpi8f")
surface_material_override/1 = ExtResource("2_q4ov3")

[node name="HandMoon_AI" type="MeshInstance3D" parent="P2HandHolder"]
transform = Transform3D(0.873333, -0.373929, 0.312197, 0.487083, 0.662028, -0.569622, 0.00631506, 0.649536, 0.760305, 4.28827, 1.74866, -8.79648)
mesh = ExtResource("27_rf7hy")
skeleton = NodePath("../..")
surface_material_override/0 = ExtResource("2_q4ov3")
surface_material_override/1 = ExtResource("11_bpi8f")

[node name="HandNuke_AI" type="MeshInstance3D" parent="P2HandHolder"]
transform = Transform3D(-0.762707, -0.622109, -0.176801, -0.614841, 0.782264, -0.100171, 0.200622, 0.0323035, -0.979136, 4.28827, 1.74866, -8.79648)
mesh = ExtResource("23_15urr")
skeleton = NodePath("../..")
surface_material_override/0 = ExtResource("2_q4ov3")
surface_material_override/1 = ExtResource("11_bpi8f")

[node name="HandPaper_AI" type="MeshInstance3D" parent="P2HandHolder"]
transform = Transform3D(0.95378, 0.116453, 0.277022, -0.28744, 0.622393, 0.728014, -0.0876369, -0.773993, 0.6271, -3.88677, 1.79958, 7.1729)
mesh = ExtResource("15_3qpcl")
skeleton = NodePath("../..")
surface_material_override/0 = ExtResource("2_q4ov3")
surface_material_override/1 = ExtResource("11_bpi8f")

[node name="HandRock_AI" type="MeshInstance3D" parent="P2HandHolder"]
transform = Transform3D(-0.088815, -0.109855, -0.989972, 0.26383, 0.955805, -0.129733, 0.960471, -0.272707, -0.0559065, 3.39255, 6.49828, 5.3494)
mesh = ExtResource("17_wx7nt")
skeleton = NodePath("../..")
surface_material_override/0 = ExtResource("2_q4ov3")
surface_material_override/1 = ExtResource("11_bpi8f")

[node name="HandSponge_AI" type="MeshInstance3D" parent="P2HandHolder"]
transform = Transform3D(-0.912765, -0.190316, -0.361441, -0.280615, 0.935142, 0.216252, 0.296842, 0.298814, -0.906971, 4.28827, 1.74866, -8.79648)
mesh = ExtResource("31_5tbxe")
skeleton = NodePath("../..")
surface_material_override/0 = ExtResource("2_q4ov3")
surface_material_override/1 = ExtResource("11_bpi8f")

[node name="HandWater_AI" type="MeshInstance3D" parent="P2HandHolder"]
transform = Transform3D(0.724501, 0.66531, -0.180168, -0.470436, 0.66833, 0.576215, 0.503774, -0.332711, 0.797192, -11.492, 7.96309, 10.9578)
mesh = ExtResource("32_cnufe")
skeleton = NodePath("../..")
surface_material_override/0 = ExtResource("2_q4ov3")
surface_material_override/1 = ExtResource("11_bpi8f")

[node name="HandWolf_AI" type="MeshInstance3D" parent="P2HandHolder"]
transform = Transform3D(0.945366, -0.325974, 0.0048992, 0.325048, 0.943619, 0.0626593, -0.0250483, -0.0576435, 0.998023, 4.32587, 2.22945, -1.13849)
mesh = ExtResource("33_kxkhg")
skeleton = NodePath("../..")
surface_material_override/0 = ExtResource("2_q4ov3")
surface_material_override/1 = ExtResource("11_bpi8f")
